An optimal solution is printed below.
An optimal solution (each vertex on its own line):
125898
116698
87922
123570
116743
80453
45161
27391
109189
80802
76950
37122
45649
134732
47954
104025
53835
112436
82298
99537
76793
45695
88115
136857
90659
134722
93651
78780
108164
25252
109613
28146
129778
35359
26310
43076
148713
64293
117031
123568
133977
56999
52108
11113
93419
86068
37946
21278
139285
114621
96254
119163
45568
1147
74397
122533
137919
47772
5324
95888
25021
37931
123720
102007
63154
2257
20316
71539
90815
42939
41509
36708
26018
31854
40886
27269
96255
66277
110740
38201
37043
104358
88118
96165
128856
35312
78606
59852
54782
123687
123854
36681
115490
35605
78603
117721
133487
97857
95102
38179
34101
148405
54449
104546
52759
52720
77384
99577
18641
38357
75417
27080
41642
92081
51812
74650
105902
7957
48267
88378
25822
20917
116551
37642
103141
69614
102315
3617
133833
1257
130177
82113
60801
85859
35530
136437
133170
27923
106427
79199
115851
69626
104359
109101
136311
6685
91164
101675
80565
64938
11160
1963
116505
97491
101478
96017
30024
58669
48421
21388
59853
45066
103140
101853
109626
72871
6639
125604
128817
145950
68610
140790
125917
102380
8079
8082
33576
80753
113237
142242
75996
124740
147801
128072
104326
43303
8403
27826
119978
78487
23551
40654
67794
88423
77722
12133
127623
32057
87624
110790
61595
525
82294
108465
3984
79448
88104
17503
98589
28301
86642
123206
45262
90260
120278
1577
49460
79116
37937
25003
37518
90086
109401
62194
58037
21280
76948
26550
61374
113455
1270
133978
37028
32054
125647
132688
88400
20918
44775
26303
23206
91345
28424
102142
2588
118721
125317
25806
35459
144631
11107
79124
21464
51800
8091
89084
49403
35743
101419
19319
94176
7083
53399
33948
103811
118546
27036
43783
79431
97568
75340
100881
77116
49148
101326
133873
68418
445
44118
144378
44656
27432
44125
110810
133234
95455
137883
60990
148623
39788
21406
27914
133867
1309
100146
5511
97222
63155
14417
142505
28297
115643
26371
44822
54806
96549
50352
129935
14838
117695
91411
15840
100667
88401
132736
142632
122881
2671
86067
6362
78357
66239
25155
132760
20169
38288
127217
50794
108460
133624
5995
102118
35849
2490
64598
143266
60785
31273
87615
43294
26721
7677
52104
42031
6491
327
53546
7047
34425
30127
2767
120709
34217
103562
140694
85675
45064
58409
37208
74023
58722
29912
58609
58607
98884
46683
65918
34216
36020
99551
127159
22151
117391
6143
35604
36688
27060
535
65877
25251
45573
92437
115683
67477
72199
41062
122373
60940
36448
117194
5789
128316
37672
60487
70062
130144
121362
12139
48816
45571
93712
69350
80104
49800
93323
106983
96490
101783
77115
108201
26512
90718
119723
1398
1392
99980
131569
102055
19546
58077
78439
28213
40713
75986
122458
126265
35313
66258
33715
104328
10011
52391
65663
26506
48265
6592
131577
27213
19941
90717
26665
43289
20548
4189
64601
128025
118185
124056
120031
35718
44701
71977
104551
90025
46421
28072
45431
24364
35318
2145
31909
10047
17851
81630
121991
80470
84989
30085
92072
61150
85572
46724
61316
804
99054
80965
21277
6807
98844
75737
44160
5790
48139
48135
4894
104601
119925
88342
832
1254
84952
130065
679
110744
46368
110060
28899
47821
2616
25444
75585
135509
31497
5979
127978
43760
117036
101653
69632
48694
5546
107845
45363
52237
1017
27821
19292
1519
78907
116368
117388
13998
120589
64937
93221
117231
20729
37953
143684
28278
1543
15259
6219
24338
31022
29070
112109
83420
44845
111891
124674
51581
90769
78373
23260
29352
84050
3618
95500
1828
133608
5291
1256
99504
56848
112668
77629
19057
101701
42972
28753
111020
86136
7000
106716
28491
119630
119632
3579
1768
2265
61907
95267
1301
26681
26704
41035
67673
36245
27037
39069
46174
129772
36707
68701
89955
104877
143709
115038
50909
61142
21224
19720
58796
58786
825
149358
699
133061
104360
135548
33823
28756
41546
148930
19287
78629
111869
10658
79049
79056
57509
148668
103704
70530
145223
64591
109300
43244
117879
24123
111900
20661
93418
19207
78209
27207
25662
58763
90670
18857
32394
27125
94237
147048
8949
13730
44654
110731
2828
108372
126640
23655
34221
123588
93839
70293
102482
36679
27215
88433
8744
125951
101571
123512
107392
65353
45625
100888
42582
44770
51798
9980
9240
6104
116990
146447
43068
96495
109320
7807
1539
2949
2431
81605
119347
104023
126868
117726
14247
695
94857
85808
99688
9764
68395
28276
96106
75596
5282
18303
97055
140411
34220
41856
21454
49328
1308
1255
34297
95402
105727
51019
34279
117313
8315
138684
92962
48836
74811
126209
75009
132937
19854
84401
49331
136971
11191
142766
45590
148949
130766
69640
17614
69725
141951
27495
683
26308
142584
119722
124523
28377
47770
115920
39492
43677
140500
21396
86712
51643
10009
26089
6554
52103
19658
32143
80538
129941
15887
97515
35357
2768
79720
7142
30020
1756
109491
854
38355
36048
72345
90749
1967
104327
62682
76299
6387
933
142862
10665
519
7099
27095
71705
109337
49788
146425
56725
3124
72145
39504
9940
113362
3141
1051
1058
132131
50938
115884
13419
143631
115966
22334
207
1305
101908
70451
40872
95163


