An optimal solution is printed below.
An optimal solution (each vertex on its own line):
12794
42898
18039
29417
31351
39568
32188
41407
20888
34365
41679
24974
25439
32194
19387
32686
22512
39191
40106
11954
33688
33239
37495
25493
40701
30333
28819
39361
5405
39120
16604
19746
25370
38013
20351
38016
17770
15857
12127
39157
1024
38813
24267
29980
19009
36131
30978
41091
37552
21353
16790
35855
5310
27895
11228
24258
29119
33654
9662
22064
17312
1678
25474
33609
41678
42833
30134
38776
24973
27675
26628
15194
151
31698
37812
33914
33567
21072
29210
23119
20281
15711
9657
14851
26983
25078
26948
43247
14921
41089
28571
19271
18539
18939
29826
39129
43290
27084
22105
721
21013
35763
42327
37645
28387
20678
31082
27291
9105
32472
22651
12516
38191
559
14641
43595
26395
9608
10380
279
22063
30082
13303
17581
25120
28376
229
8025
4358
41572
42410
40687
28174
29163
24804
7765
24640
25706
24222
40150
3969
33338
29124
13840
27759
15192
28077
16920
30135
21516
23823
11155
30601
38786
20320
36564
22630
13039
6995
13200
958
42082
903
16605
8240
29144
1313
27674
31146
27400
30437
29007
42795
16644
8752
11611
7575
11645
1982
24260
26603
36685
34736
28377
18790
37492
36092
14814
23554
27064
22789
10036
39791
21990
11181
11293
42403
16705
21172
24905
7624
17780
980
22130
11191
27750
16007
26222
11708
24724
35927
13938
5947
24793
4653
325
22856
21272
19753
15405
11766
27404
27054
22139
4501
15551
24118
2424
11242
23943
4718
6856
35686
637
20712
39115
32902
1724
5315
15609
34077
18802
1486
20864
8610
269
695
4460
13252
8791
11608
1622
38862
8056
34894
17807
14117
18235
12966
23551
2121
26963
3688
8065
13494
16472
34317
31356
20277
390
976
3532
16820
33643
7573
4153
21587
594
33689
38


