An optimal solution is printed below.
An optimal solution (each vertex on its own line):
117031
60504
8275
58411
123570
8949
133833
45568
116744
148947
69592
137923
88663
148713
108326
108567
144378
115799
88104
61595
106952
28298
116021
59852
26680
147149
104359
119978
96254
45159
128961
69307
134722
52120
87959
142501
51492
51812
128020
125895
65877
109630
98584
99639
72871
74397
120086
131567
73096
104327
36244
87927
106814
98884
79271
49402
77206
137888
58078
34408
136620
122533
71674
35605
145156
84358
127098
28146
108201
15983
93494
90667
5779
81631
94858
90752
142864
679
102298
79331
114380
144263
119163
99619
99616
92081
99617
106453
42981
131568
5078
23773
68610
69371
78485
121125
77115
6105
10836
139285
70021
85856
37672
21406
102134
125647
84660
29987
142632
45573
7957
125322
6392
140679
83420
68718
75428
33468
58607
112446
83802
83784
27263
109491
74647
45065
105729
69614
102380
121127
143684
97864
90086
37598
28040
93419
99479
109204
81188
1543
79448
90659
106565
34101
34090
69629
81549
80453
5546
45590
35147
44701
26310
20316
43303
6390
134956
133839
81209
142512
44118
445
86119
138355
11190
63667
70022
106454
11069
20322
69632
82289
105108
142552
95888
80795
27948
61403
109110
6826
19551
146279
117695
28353
69725
33823
37953
27016
132854
26721
131079
80110
54128
1351
34216
10011
104027
127366
42419
128541
111073
142409
45645
109410
28042
78781
79423
80581
111900
90260
8082
36694
63678
109337
135548
68243
67507
48139
113829
34332
102764
28204
49711
101166
110753
54883
15843
148405
147932
88401
78911
148133
48528
81005
142859
103562
41509
42943
43784
133625
41856
146447
56734
1520
68010
1398
65938
35327
148949
144494
99054
80965
804
84955
27036
59320
101783
25806
20662
122032
56997
2781
67515
37664
101196
146014
20169
43741
38288
35604
76299
73463
130766
89845
8403
106055
75011
66611
104023
51483
52104
7042
11287
87624
119517
71017
8087
6685
129107
59319
141951
41064
122455
125904
80260
114621
4208
38201
123206
129941
60097
57395
94857
123807
48694
117172
61907
27218
37208
33250
67890
45294
23068
7142
46174
23420
100197
45360
35718
32058
23311
826
20916
104555
39069
101435
44182
110810
11113
18663
18636
52293
36681
62311
63162
26308
93987
62274
91496
91345
14839
6101
44654
66539
118185
136971
85810
29020
123720
37881
117781
64938
13998
64937
125903
71707
34219
71976
97857
57404
95102
72870
25993
6592
88378
38182
1768
21413
72219
52103
67886
64594
135174
8761
70234
119051
20661
148728
125570
67562
105420
8307
53552
35075
825
64593
57391
532
140659
94946
116549
7765
101699
69691
44129
74107
69402
111397
34156
88424
832
1250
1301
23206
26019
76948
66979
6148
36842
7008
2431
116699
52197
130767
125605
142795
93221
35199
101330
140693
2588
27210
64941
45625
23700
3618
27926
72201
78629
52132
39663
105041
23830
109975
115640
1254
127218
106325
21278
119240
1255
14002
88710
71472
113455
108174
99504
96495
84401
24218
11370
117194
40341
137981
105348
105331
105300
95059
132096
21455
49443
11112
39384
19611
6223
75785
95060
66264
92466
50938
7837
3006
26704
19320
854
120872
29990
145950
48135
48186
101908
97748
115966
48836
149152
134017
93656
30020
71672
1935
20561
129156
118014
2768
27207
132130
56996
25072
31990
78345
96490
96106
49328
25444
89491
110740
9980
43244
130110
44801
14292
124056
15200
29070
207


