An optimal solution is printed below.
An optimal solution (each vertex on its own line):
30018
60819
16696
25028
55635
64371
37111
33008
65374
58159
56142
29279
44577
28531
60200
40943
66643
48853
14767
34526
45325
64514
56156
43688
26169
34744
45212
50140
35733
19666
55636
47880
54898
64922
34630
62035
34169
13028
44056
60681
24180
53524
42997
15563
65462
51681
45541
40949
67147
63602
64510
52416
66896
37057
63426
22431
44921
48477
27651
52508
11971
67009
37160
26861
36038
40376
35456
11994
16806
26170
36368
47079
67238
33513
29486
54533
29801
31501
31492
33190
29905
33920
30869
67236
47380
16157
28619
59387
9156
48869
21381
46038
67472
32247
12444
12349
32714
47809
40371
58691
36234
35160
28385
41070
779
36780
31921
62820
55314
3887
65064
29380
14714
19957
63066
39318
60687
29758
64896
53653
14908
61683
49151
50792
48080
41907
41928
26076
20088
55682
11315
1036
20162
11355
29909
36225
54758
29364
42848
44788
39282
37415
38799
28257
42251
14591
67461
67359
16856
66811
38724
23057
13959
48038
24910
44028
15443
9009
66915
50361
24731
898
895
55173
43925
28518
28510
36256
22533
66797
49413
26390
32088
35903
58560
20354
60196
32510
22725
50797
19019
39458
37089
13383
61225
16145
63077
2391
34048
24361
18068
20059
30679
45318
59807
21202
41922
4609
41111
48840
37044
24819
19902
51096
44907
16452
54342
60222
10930
49731
17363
3996
34582
45924
36494
31124
5218
54513
56137
37369
50596
67647
64106
11662
53364
27412
10222
49811
49333
12716
67051
55952
65963
47811
63346
11963
19488
11177
11638
55354
42866
18010
55216
65066
15417
35161
35858
39441
16862
20224
20203
57573
45203
15364
51461
33862
20321
43376
35083
67207
11302
55127
20240
41055
32173
15248
3924
1099
3635
36668
31849
37560
42418
16886
16663
47713
3426
35180
46959
39402
51020
10386
56809
63344
46860
16086
22822
41897
44920
34168
20022
67350
33259
65598
39289
56444
40975
60812
42285
3250
59278
54762
37045
20997
60126
25514
46997
953
6089
22466
14211
24574
3697
4065
52399
6012
10989
23316
56868
23460
34667
48437
28293
64681
2872
48108
48598
58845
34141
62050
39297
33263
7034
32189
61662
53727
60885
28384
632
9197
1983
9700
13061
32379
24723
59698
56154
38994
27070
59046
52293
55036
49669
49511
54456
48115
3284
52516
52703
25130
30979
29845
25444
23501
18809
53667
42308
41622
33402
23916
6719
49699
20939
28580
40858
31184
11537
65486
59474
58921
64841
4773
23755
25234
61575
3724
28073
55683
45305
22538
64574
64241
52882
14740
33495
41513
27357
25867
3303
48676
65591
7624
33530
67333
45444
7414
18466
67572
1158
28603
29842
41671
20472
62330
32902
32762
4732
42765
55412
11534
21813
39248
28818
53851
3558
57208
45136
59096
5260
34787
9204
34671
43312
33439
3251
63382
27029
34505
53961
37592
22718
30661
16377
32432
24133
57604
12224
46051
49836
45283
24983
61250
22537
35457
16077
36037
31543
40730
10083
67148
58075
60425
49582
50551
6375
19468
42727
41112
11636
31999
29645
30395
61550
4874
19105
57666
15662
3270
1614
66435
1108
22865
27696
53882
1081
65092
66158
31123
28906
5896
29436
65761
44011
21735
9515
20427
45127
60329
10398
20821
36317
56953
9200
18944
30606
21036
30022
18344
33568
18249
26211
29082
41777
49832
51770
61480
8740
41776
15616
38495
16080
42789
66609
39868
2964
33943
23442
28105
42939
23114
42650
7468
22542
42955
11907
29375
5239
33327
21856
61344
53669
32593
23293
16348
37125
29372
20504
60065
11962
3100
11993
21484
24463
14931
9209
56714
28622
31181
18374
8075
7152
60195
16166
22813
29144
16551
9162
28806
37088
19722
14907
34701
43725
26924
48550
65288
1377
33398
21450
14257
20670
59880
31178
18856
12348
34798
4066
3050
21655
54516
36378
39708
10520
3564
29216
34699
15987
55564
42728
16687
16686
42834
52686
31340
25114
28814
33062
10069
29800
35100
65962
48512
4805
53536
26088
33308
33906
9505
39481
42278
11287
21760
60951
42008
59434
15570
2254
24906
24894
16481
1111
55921
20654
31502
15534
24820
10239
19906
41972
25517
13146
39182
607
19721
55211
59571
29729
23871
27480
27459
18694
30450
13773
3223
41250
26949
7151
8400
8815
33728
25569
21530
25592
2390
29448
3096
56397
41626
14041
18804
18823
2199
2196
10434
24089
14993
8996
13361
580
29924
11363
19162
10825
26396
58586
14033
19498
4766
1693
23870
38390
28072
4120
66029
4382
19305
15639
2345
29331
44034
12878
20077
2108
34690
1584
5352
8576
3046
19806
62341
6431
5932
885
990
1804
21599
56039
52507
38546
37343
34356
6869
36358
48064
41524
13846
56500
53174
1444
49600
1818
21087
8054
9340
916
29780
1396
46400
22413
18928
67325
30512
32957
1665
67467
61028
52911
6207
59649
14406
19000
2454
16748
19718
20271
23813
21702
13859
15673
8188
8189
8190
44778
45018
2161
35043
58561
47209
6895
36965
7110
47419
18584
36778
26342
52957
17612
11282
11783
67460
56707
18394
18428
17843
54943
5024
1087
11778
1264
24935
27815
21122
8314
999
54984
10116
5641
5766
66181
31582
38970
52274
22112
59018
5508
20404
31444
30068
11467
59218
25381
52458
5414
53196
18484
26859
26483
20202
49779
37568
12201
18418
9971
9781
4241
9450
6795
6142
22149
39442
3850
60389
48313
8363
41132
21850
3804
28967
28099
56352
14448
59173
10126
37296
60982
35477
59012
13992
49393
23183
1069
14571
6894
21358
22721
21644
41756
21043
3253
13997
6370
8892
21917
64426
47765
6323
4810
4813
37323
24585
6214
29822
6423
5180
1472
49565
57318
16690
16079
1186
15427
34663
7049
24057
10917
15529
33373
18910
59897
26500
4745
19843
18873
29885
20478
54544
2426
22105
1645
16918
3447
564


