An optimal solution is printed below.
An optimal solution (each vertex on its own line):
5806
5475
3307
3089
5368
9200
5540
7044
4318
9203
9461
9053
921
3464
3791
2504
492
1526
5260
6568
7412
2060
1546
8336
8793
9939
9463
9073
7237
96
5294
8818
8554
4326
10214
6048
10109
4492
10102
5426
7871
7342
10130
5421
8247
9701
547
9076
3941
10756
5445
3003
7047
8834
1821
4410
5457
6344
1555
6663
2117
3537
2112
9478
9059
8387
6479
10149
5502
3673
3599
10740
6011
9398
10037
7533
3358
3490
1425
4234
1845
3188
2460
6609
4282
3142
8960
4062
9114
3415
10165
2608
3426
1743
9594
856
4322
10373
8861
704
6546
8044
8601
503
8433
5602
6762
7283
8456
2296
5354


