An optimal solution is printed below.
An optimal solution (each vertex on its own line):
14181
12240
13987
7395
4617
17058
17826
15399
17391
12720
12247
14121
17853
12986
4473
14275
12406
14530
9670
12770
5251
15959
10324
14187
9239
11458
15758
12539
13596
14165
5449
13517
14013
12786
12051
4999
7214
13025
16338
11242
9901
5877
11731
9920
15836
303
13996
14729
6959
9216
16427
2726
9527
12639
15834
5869
9478
12619
7032
3843
416
17529
17794
14298
10441
9437
11582
4305
8681
9898
2865
15646
11211
938
1732
10843
9209
14667
7418
5835
15520
6525
5241
918
17206
14520
3981
8957
9711
4879
12259
6365
16230
12214
5942
13271
11325
3439
7674
3061
9362
12042
7273
8267
14014
14248
15184
15700
1054
5561
9000
11056
986
15682
13922
9059
17144
8355
4982
17408
10208
5991
11989
16421
149
3283
15958
17687
9745
2666
1321
3477
10773
8745
517
15276
5447
9108
5283
16321
1849
3049
3156
17667
8862
2186
15128
17444
13825
3340
7340
6422
1600
2539
1676
11590
8863
8263
4240
10221
11983
3217
1016
9717
10429
5845
2573
132
25


