An optimal solution is printed below.
An optimal solution (each vertex on its own line):
18395
16412
16901
12527
16605
16673
13860
8358
13057
16625
17464
8936
12905
16595
7452
9313
8547
7162
782
15507
14587
6156
3563
3382
18691
16202
16256
18580
16533
12091
10636
11771
11966
16083
16281
15553
12187
11349
1192
9097
14041
7749
17564
8153
1590
8191
16264
16229
2640
9347
4967
273
15592
16305
9291
12323
10185
5306
4535
6103
17097
14863
10231
15935
14128
463
632
13723
9545
10432
13268
15086
5520
1572
16881
6569
3481
16908
12719
2744
12303
14307
11729
2015
9562
5521
3380
13324
14907
7663
9660
11656
14740
11444
1208
10342
1626
3547
3483
8284
13904
12687
15813
16153
11069
10834
755
17031
17355
15442
13913
10137
18559
12836
8244
7723
12242
3742
17004
8546
10784
8463
16336
3111
18093
7333
914
6306
1449
11118
11033
9593
13211
15964
11610
5122
15132
10489
11071
18677
7607
4154
15147
1270
528
530
9495
11424
10702
11725
12061
3272
11600
10881
6158
9622
3655
5058
1130
9445
8243
619
10138
9840
18193
14231
4368
8575
11561
12211
15873
7546
899
7687
11352
477
98


