An optimal solution is printed below.
An optimal solution (each vertex on its own line):
16790
34210
33654
42410
39776
37495
29732
36653
34317
14851
12435
24974
42082
11954
35872
3909
16604
15208
12409
27675
12266
38786
42350
15393
40106
22512
5313
18790
33567
43175
30134
22150
13840
29413
25354
24390
43290
11181
27376
12350
20281
42348
28819
27274
18539
43269
16920
16704
7391
6813
27680
20678
35749
33231
29101
27275
5576
26395
12127
40680
23673
26949
27291
36627
12231
39791
38476
17581
8681
25439
17780
14011
15803
36589
23837
13303
29571
40142
32686
771
36555
33213
28377
35704
37645
9272
37552
29007
37200
38776
14071
13895
30546
20537
17688
27895
1103
29149
721
15857
40687
23722
13951
9105
16985
11200
40150
5407
7654
29000
39120
42378
39256
18039
42898
26963
903
22681
16644
8837
11155
24640
14514
11409
9662
24908
14814
9657
1385
21884
30478
14943
13094
229
29119
17276
7436
42040
41407
273
26399
12105
695
21272
11228
1798
18802
26306
11354
40378
4995
14921
26628
24419
32956
4653
325
42832
27755
31309
17766
16794
11951
5315
29664
24963
9322
31082
7576
19619
19387
30701
11191
13494
42254
20244
42881
20781
26983
19852
1329
3532
31842
21353
25912
976
16782
24905
43598
10765
33951
11293
8752
35686
17443
1982
39115
13089
3969
11766
38


