An optimal solution is printed below.
An optimal solution (each vertex on its own line):
3063
2820
3734
3482
1450
3462
156
1562
2773
1540
3442
2635
1858
1321
3420
2535
3660
3633
2299
3701
2005
2941
2260
3742
1856
2170
3132
946
2295
1959
1363
3474
3348
1954
2582
1841
1859
3418
3120
1751
2821
2972
3719
2873
2224
1000
1554
803
2301
3443
3439
1550
2927
1080
3662
3469
3630
3440
3645
2494
1644
1899
1784
1693
2653
2078
1425
2135
180
1411
1891
3335
3369
2530
2510
303
1969
2470
1676
2002
3761
2431
1451
1308
144
3605
3019
1569
522
747
1323
61
2715
3530
1075
2416
3157
148
1524
2849
1739
2411
2775
3601
3025
2975
1818
860
1531
3715
533
3565
1977
3467
686
2819
1271
2338
2969
776
505
2246
379
322
633
855
990
1998
3179
2149
1306
1537
404
2041
3351
2754
637
442
999
1529
479
1069
3080
2090
759
2815
964
965
2943
1769
1913
2239
2654
147
1232
112
206
2371
3105
1376
992
1493
1203
3209
413
760
229
290
1131
560
2213
571
921
1015
2336
393
1344
1391
1293
1589
2082
406
833
1141
1898
60
1651
556
86
1234
3253


