An optimal solution is printed below.
An optimal solution (each vertex on its own line):
34630
45595
67382
46429
28521
57627
47809
41907
58691
12206
29758
47811
54898
59882
40731
57512
31849
13030
5178
59046
20022
18066
34168
66118
64371
39318
40532
64909
56138
14256
23414
66075
52686
40376
52294
51618
46997
44440
46980
29504
58159
50044
59654
29381
35083
12177
28818
55216
14908
41030
1945
41684
25362
18740
19768
48612
44921
11177
37111
11534
54760
16728
56571
42257
59475
56137
59012
47199
49031
45541
828
3775
62757
24315
59218
45416
39441
41757
19666
20455
49084
43357
24820
66125
41926
19902
35362
67051
55682
55294
67236
56445
26390
65169
38724
64910
19325
37112
8198
56154
45213
56953
32016
43120
51593
48853
4065
40947
27077
42790
57683
13384
60579
47381
25698
52419
34734
37415
55293
60328
38688
26168
13961
60685
38990
41681
59096
8075
12480
25514
48231
34924
32595
23460
59550
31568
1099
18921
33129
45272
38697
11424
28511
10871
20818
33910
5100
29082
60205
20790
13992
36368
53364
36181
44649
49143
24027
45415
1495
42158
66811
49333
29024
60329
43275
27653
8575
16696
12492
11255
48557
60687
59387
16551
66157
23870
46692
19488
20667
60389
58921
16170
65066
56791
28378
64841
50140
19852
32862
67460
25447
45136
66784
63505
56043
46038
9156
61876
53282
40944
41779
12585
62035
24023
45924
42197
2161
780
32379
26090
11388
2391
41776
28967
18466
44520
5012
24910
48679
7918
48779
22715
28384
1108
38277
56625
12181
3046
38401
21038
41671
24821
24812
15617
34788
42793
43274
6523
49387
32000
44907
21657
39442
38625
2241
49033
59807
9912
1444
30611
12201
17613
44898
1116
15414
35611
47892
42765
10503
41969
36453
3924
54787
47056
28257
3426
28075
32247
37024
30679
52399
43925
47302
44034
39981
39289
10162
63447
21425
53653
35459
34697
44266
28510
54719
3866
34369
9157
1840
22431
41777
49834
65963
13025
54513
35903
895
33920
40980
16687
2965
39868
33495
32957
65288
49032
34799
59667
29364
35456
15103
52800
7110
33439
48100
39459
20068
62032
25123
48116
29882
41928
49836
54342
30905
57208
11271
26865
22822
41893
42119
36188
37091
44616
58084
56875
50007
8617
49731
33016
34578
36179
38500
19473
29074
39488
63322
41626
62341
29216
8011
45355
9202
16699
18678
5455
65705
16155
65598
3073
26866
64514
38511
11467
5732
3250
20224
1967
61509
1585
60885
64403
64246
57455
12878
33568
40945
4241
26859
23316
29376
47904
48745
18698
20165
21360
1957
49295
34526
41115
53539
19927
16232
35858
56189
16862
23976
9783
51612
33259
54951
11213
33906
9505
51681
66030
8801
22823
60196
14458
43688
57615
29279
35648
29916
49511
20405
23990
29349
27514
37592
64126
13243
10222
953
11535
35972
32003
7625
28515
7151
38799
30954
27357
38931
48619
61225
42997
61575
6089
22466
23755
18649
32193
48313
60126
20162
9224
64922
14257
6370
8892
49811
43139
27815
30656
38495
21655
31961
47715
41978
28622
19097
724
20240
47192
60222
56002
21654
42959
21852
16686
17419
39605
54616
61024
25841
53669
22533
28210
1367
53755
41751
30458
26890
45593
16143
40521
53370
3723
42340
12348
46962
19718
33044
43312
29491
14130
19793
52196
5253
16916
29732
44065
35537
14211
11302
56348
21101
44431
27029
16383
48537
16671
25867
3303
21637
65092
16086
59649
747
38994
52752
48139
51770
10861
28906
37562
28686
33955
44056
632
16886
16663
48038
20925
58418
32696
2162
1070
2196
27148
16166
1695
5024
33728
25570
33498
19485
45798
60982
11499
19806
3100
11993
32213
32047
26059
10021
22532
66823
64360
63382
27353
19955
18910
698
23916
59897
51294
6375
6719
54457
67148
33862
24936
34840
11758
3996
54994
43377
21036
11662
61080
18418
1068
34671
1647
32453
32192
47765
22687
27332
12850
1582
8798
36463
8515
3887
40983
27412
25748
11971
823
56039
52507
15248
65591
44577
56910
31178
19305
15639
53490
36238
8845
66916
13061
61250
11638
55354
55064
31504
8363
39437
21202
11178
66711
57140
913
5896
2872
51746
48108
60065
11962
11567
56503
35331
35043
19766
28814
5766
66915
1082
17365
5945
14783
31184
11537
56997
37195
18277
11364
2254
24906
8982
48708
14656
11286
1069
7865
25517
29085
16158
39248
18477
60839
21702
10384
13119
43733
19331
38761
9204
39402
64241
16670
1614
12358
20917
60522
15892
22263
2458
2367
2345
11636
45435
5090
35457
33263
8996
20318
7238
53908
34356
54972
26211
3694
28072
35871
1991
29375
57679
26982
34464
28603
28953
11106
1158
10977
10224
49699
4171
4603
6088
41910
60884
42286
46157
20169
53536
63506
29144
28077
3077
23592
26173
50792
26483
20203
28073
3378
12104
47839
18010
15417
8208
65153
3697
45018
39297
1584
16748
46198
4985
32283
15430
8740
12224
50808
18944
18261
990
13959
18825
14835
15232
43303
33513
8558
52273
59699
46054
697
22629
5180
5260
40690
58560
27459
37179
64521
14740
23871
24110
36234
19547
1375
58075
57505
29412
11628
31286
2459
14779
58072
24508
21358
40371
2446
26623
18343
1148
11637
23072
19843
64896
53851
20428
23257
66969
22716
43992
38405
37383
56714
12349
19105
18856
49669
36406
25337
53643
37089
55611
53525
2355
4130
19468
64601
31306
58586
36419
4120
4119
65962
4356
37045
20998
10916
19163
25360
1186
15427
22725
49565
43365
726
24911
19772
55944
12440
24057
20354
6423
51293
29448
28718
37237
65422
34812
35667
893
19262
6895
36966
48543
42866
65451
18804
17621
20404
31445
6214
7838
32298
49151
9340
29780
21523
60951
1087
11778
54909
15792
44004
29822
42897
53196
25191
6894
40533
10938
40534
3428
26342
52957
18344
3096
18873
33086
607
20939
45445
12016
11783
12725
18089
24133
27457
5352
63426
26231
18694
3695
44688
44116
14591
26533
24723
15442
1384
1383
15563
49670
18823
11992
8400
8815
5203
4079
18544
25382
22149
6684
32752
33398
19298
15894
22717
4766
4773
60476
38609
30895
3698
9009
922
31124
7669
10930
46333
1665
10850
15534
3997
19877
58788
6142
37057
9946
9971
32430
46533
8491
42650
30964
4403
59752
40732
3447
67207
1693
18008
6795
14041
4153
29800
42728
11315
60882
21735
40975
42835
50552
3804
39481
21122
1786
4733
61728
4316
31285
5013
9450
55211
9198
58561
22387
10787
53280
39708
56809
59434
15226
15570
21467
59988
6323
7624
24734
67467
22537
42308
61221
62874
52373
15987
708
5783
9522
9515
35477
46113
53422
15031
52293
48249
13491
36226
64354
2063
3050
1644
898
1645
16918
22718
41028
54470
17224
26396
34699
18928
20970
3397
7152
65225
2168
7034
27072
16344
7450
30836
32645
21644
1804
21599
49683
8190
13146
66040
50551
2970
18163
5932
35100
35347
22542
18227
37296
16348
642
59962
21530
25592
45203
11526
1037
23442
28105
28098
28099
60939
1252
1927
41972
31999
22458
54544
10434
8189
24875
41040
24585
37323
4810
53779
19284
9209
1983
14030
10239
34690
22112
9415
20427
999
4805
67607
10398
14506
12752
47419
18584
26092
25461
34644
29309
45075
18044
11282
3253
13997
7774
39013
25381
52458
5414
24998
8314
13859
29890
15675
3850
18394
30512
52416
12444
885
29372
6869
9633
42278
5257
10116
27626
51637


