An optimal solution is printed below.
An optimal solution (each vertex on its own line):
1864
38476
18374
16792
43176
32207
38623
41631
35697
26961
39776
38543
35872
42358
20888
43247
35171
41409
27895
35117
39564
30333
7846
12435
11321
27291
42881
25562
33925
33767
42532
37200
12879
40701
37968
33768
42942
41675
14819
30395
22512
37331
29100
12916
20320
31351
43290
16039
35428
22061
9530
43301
17511
42254
31896
10053
35843
29733
40419
25381
28819
39358
37552
5965
42082
19792
34656
9537
6296
15393
40106
43296
43180
33231
1244
40687
41089
38813
5014
39374
20719
24908
33298
33309
33916
7435
39369
27383
33499
32751
38779
9050
34736
38013
43258
22150
12193
25912
26055
41796
9202
37136
41572
37135
30133
21287
1775
24963
26628
5527
34627
22641
38470
23181
33632
15575
30550
28604
21013
36417
32060
21884
9662
26394
43175
7062
20864
6744
43598
37497
24258
32754
32685
12104
20171
26508
20350
15192
27675
27674
4360
20882
36558
39120
10341
33551
2915
20351
41423
33463
30608
14921
4483
22664
151
27406
20108
29101
14356
22852
7624
29001
500
721
1959
5315
39360
2649
14055
9648
4354
4358
39391
21590
8056
26037
41563
20762
8065
1319
39157
16831
7526
3882
35402
21272
11409
43297
1982
31082
41407
1385
1021
7389
17688
811
21990
15193
33719
7995
43269
42961
32152
35479
33464
958
21691
38580
2242
27265
38776
23283
14426
12691
22381
14071
41984
3025
11200
27744
39894
38862
26980
37444
22632
7956
35118
17316
1336
42243
11290
16472
11355
20712
10417
8791
17441
7182
40697
11242
3969
40150
3320
11708
229
22284
20409
16705
695
4463
8961
32956
15453
36902
24345
15802
333
32055
11766
14791
33310
6855
4718
6856
19091
9272
34275
8752
26823
11228
7323
7117
4185
285
1486
5594
12783
3512
40096
26963
903
277
11951
4209
31832
36806
21736
2303
8311
16640
19011
7576
7573
31354
27404
6265
44
42832
13159
11557
1878
492
33333
22130
11354
12966
5857
976
3532
21986
654
183
273
32752
16943
41260
1371
26306
30191
18802
16794
8025
227
38


