An optimal solution is printed below.
An optimal solution (each vertex on its own line):
1484
3063
1607
1342
2354
3700
1880
1448
750
3121
2783
3240
2114
3467
2873
611
1425
2227
373
533
3630
123
3741
2934
3414
2639
2260
1955
3238
3742
2990
1858
1264
2246
1321
1434
3645
3440
1562
1954
2582
3642
2245
2295
1959
3183
1676
1969
1450
2272
1255
1150
3531
3423
3105
784
3368
3680
3605
1537
1899
3335
3284
3633
1531
1534
772
3420
964
3093
2772
2368
1493
1203
3701
2170
1859
3591
2082
2409
2969
3428
2416
2635
3601
2775
1308
1998
2135
1651
1784
1693
148
1269
1090
3252
442
2341
2005
196
2338
1891
3641
112
3439
2819
3530
1075
724
2213
2300
2089
1818
659
1856
1376
1411
999
206
2371
3266
1977
2760
2715
1589
1490
2975
1956
86
1913
987
3513
1769
179
3375
3351
2214
1231
1126
393
278
658
895
479
1306
2090
405
2149
3777
3209
760
413
759
3025
1023
847
946
3658
1898
60
1237
1210
229
2530
560
1131
1323
1091
380
547
1996
1391
921
1015
2336
404
321
3494
1455
2299
1873
3263


