An optimal solution is printed below.
An optimal solution (each vertex on its own line):
53524
53325
73498
30208
49531
51105
53035
50541
53597
49805
50594
50195
27126
50223
51032
21890
50064
52302
52939
52232
53744
50557
14429
2489
48948
52341
3472
53994
51986
49536
26499
51386
714
33427
28869
50440
52246
15238
34544
48144
48908
15049
33909
52347
24935
50353
32566
51592
52313
16690
51835
49808
72499
17693
51755
51275
52546
51431
14521
33912
3533
41074
52819
49597
50975
51491
29150
52623
48922
50644
48920
52791
22527
54051
799
52815
53573
6484
23461
34085
51509
48900
970
51082
50270
52418
54059
52137
53848
53771
51613
48178
53047
32901
53807
35392
28240
34832
45055
13981
32740
43498
49973
49295
53834
11448
23616
14040
28228
51780
50395
52159
49627
52672
49044
50690
39051
49637
52542
51848
48268
52782
16207
54296
49077
49900
49374
51532
53161
54031
52225
21795
11607
52171
29151
50423
52839
54216
49363
50168
50784
2438
54202
2229
21615
8702
49165
18737
24728
49406
48463
50080
54197
54341
49186
42704
53701
28192
26678
53431
51256
14361
7515
645
14491
48390
54108
537
49527
49199
44876
31400
13475
41589
49731
53923
32481
25272
50646
26903
36456
32693
52
28700
419
51072
52972
46049
53059
9533
51024
50178
28057
51694
61013
21680
28028
50657
10902
30337
52060
21465
6973
1776
48953
11072
19265
40577
49418
10974
51270
8546
21366
27844
49161
45296
53232
49173
53138
53829
50514
51098
37305
51070
2134
52822
51316
13111
13975
50759
50570
5197
54338
51838
48489
21622
51972
53704
20829
36221
49623
21771
21489
13656
37679
52979
31374
13022
51029
20191
48343
51080
53333
52585
15538
48318
50371
36791
51312
34121
2579
48648
48704
54359
21835
51116
7744
30146
49926
44057
52584
16062
48826
53903
53122
29872
52411
1948
52609
32843
48627
49944
10327
9701
48270
51556
32576
39346
54118
18028
7192
51158
2695
18844
49218
8207
53165
53064
49068
49560
49916
53735
14989
52986
13720
1674
42662
376
366
21031


