An optimal solution is printed below.
An optimal solution (each vertex on its own line):
53325
14303
49531
51105
53035
50541
31842
49805
50594
50195
53309
27126
50223
50476
48954
50992
52939
52232
53744
50557
14429
2486
48948
32276
3472
51986
49536
45568
51562
51386
52504
33427
28869
50440
52246
50008
48146
48908
33909
52347
24935
50353
32566
51592
52313
50931
51835
12922
49808
72499
17693
51755
51275
52546
51431
14521
33912
3533
41074
52819
49597
50975
51491
29150
50100
48922
50644
8346
22527
54051
799
52815
53573
6484
23461
34085
51509
48900
970
51082
50270
52418
54059
52137
53652
53848
53771
51613
48178
53047
32901
53807
35392
28240
34832
50721
13981
32740
49973
49295
11448
23616
14040
51780
53382
52159
49627
52672
49044
21526
39051
49637
52542
51848
48268
52782
16207
54296
54190
49900
52900
28861
53161
54031
52225
21795
11607
52171
48675
52796
52839
54216
49363
50168
7938
50784
2438
54202
18855
21615
8702
49165
48947
24728
49406
48463
50080
54197
54341
49186
53701
13498
28192
26678
53431
51256
14361
52997
7515
50338
645
14491
48390
54108
537
49527
49199
44876
31400
13475
41589
49731
53923
32481
25272
50646
26903
36456
32693
52
28700
419
51072
52972
46049
53059
9533
51024
50178
28057
51694
61013
21680
28028
50657
10902
30337
52060
21465
6973
1776
48953
11072
19265
40577
49418
10974
51270
8546
21367
32716
49161
45296
49850
53232
49173
51332
50514
37305
51070
2134
52822
51316
13111
13975
50759
50570
5197
54338
51838
48489
21622
51896
53704
20829
36221
49623
21771
21489
13656
37679
52979
798
31374
13022
51029
20191
48343
51080
53333
52585
51023
53180
50371
36791
51312
34121
2579
48648
48704
54359
21835
51116
7744
30146
49926
44057
52584
16062
48826
53903
37418
53122
29872
52411
1948
52609
32843
48627
49944
10327
9701
48270
51556
1563
39346
54118
18028
7192
51158
2695
18844
49218
8207
53165
53064
13363
49068
49560
49916
53735
14989
24854
52986
1674
42662
376
366
21031


