An optimal solution is printed below.
An optimal solution (each vertex on its own line):
70840
50947
62830
42149
50138
57615
32220
46237
28130
66932
36985
67552
60608
41114
70689
45130
46936
67505
26598
45924
68616
47793
66755
33819
58261
70832
42274
67003
43668
40447
54779
58731
56123
67548
31751
45163
27373
64695
28422
58078
25498
42999
8112
39288
65034
62170
59903
28119
62046
28430
45905
25935
44989
33863
35696
68842
47680
33543
40848
46937
34148
13748
47835
56233
12703
20180
36754
38362
69788
53857
34944
28441
19335
17140
40549
44707
9662
43201
22129
63381
23011
35030
20757
34690
45576
4326
30666
27402
38078
733
17656
23908
15183
11572
17002
39805
44990
54749
31730
38641
51527
31846
15063
67513
55238
29045
66024
55080
19867
25925
7969
21712
33048
25263
9397
25632
21646
37156
1693
16416
66430
2347
1880
40815
34088
44830
44833
35790
23108
37952
61992
65146
52815
16486
59853
45693
41474
28217
19370
47811
32292
56279
45815
22522
8414
37932
13082
19814
22702
39470
31112
36448
67914
49201
13833
65882
70633
50368
34359
25208
4920
55126
45152
25934
39490
19081
16485
5269
2193
13806
2829
21762
33335
63890
44806
2346
50843
30677
31059
15604
10198
63843
25631
46657
12812
22588
29252
47838
61988
20051
1219
30865
34352
3840
28705
33779
24627
1210
3101
55102
20552
20875
12171
20451
64663
57726
63821
28556
42337
5887
5019
46963
2909
4476
36123
6544
44613
40660
40671
36825
6418
21852
22800
28215
33680
6301
37663
1757
57759


