An optimal solution is printed below.
An optimal solution (each vertex on its own line):
68932
58398
46249
91147
66401
95353
60041
42294
97209
69396
83622
78326
76361
23100
33563
60461
76259
24191
83300
71775
70520
83527
52598
96074
50877
62304
66788
52333
1795
58864
80322
84125
58712
90085
62375
76179
9101
73936
84774
9526
93462
88093
81150
86697
87794
69409
53104
70579
57051
87730
50238
67276
29301
46381
17740
84280
71856
53285
62405
51921
39461
86627
75513
54446
76092
50760
24737
44913
65343
86034
81558
77995
31637
54711
93094
32134
59128
56791
43591
42424
74443
68241
58696
62347
56902
26837
58815
80728
85444
85485
45424
50433
83571
96611
28706
23643
22405
75188
3170
60841
47608
14490
47320
70250
82065
76910
60726
31479
97120
28074
15048
87320
32213
17334
15698
89043
69839
59786
24673
26552
35117
74098
84734
90761
8333
29622
79847
78576
24049
94140
18672
95614
907
29344
35308
23661
41555
33974
6384
67792
91783
72402
58210
40778
43605
16947
29292
28694
84866
67008
86526
86762
93827
78773
57055
89848
43822
91137
54332
91545
52146
4634
26481
12912
28115
50702
46930
88149
7437
68207
37569
86288
17263
80220
76612
77232
18558
58417
37843
45322
66607
40603
52847
52818
71345
47190
26462
24901
5631
72034
68047
15164
13725
17262
75339
28107
52010
41034
22173
85249
69161
60424
56240
33907
45514
97538
77454
82862
832
48819
70902
67708
18413
80621
6230
68981
11935
53937
63343
526
17673
57414
34683
853
18814
29212
24714
2227
14001
31605
80920
1412
18418
31916
42804
39729
17771
95544
65090
22803
38213
77668
51093
12705
65271
5417
48954
18651
19809
86100
47232
73513
6942
990
14311
32152
49823
61527
73632
92853
77772
52404
13457
17962
80965
40519
65879
46038
53071
44764
516
13569
67763
46026
51849
65180
70674
6929
70595
15401
63389
80900
352
4450
17760
55011
18662
71476
83518
6223
15858
4028
22470
69719
29874
31631
21239
17814
72246
33684
65096
5866
49081
17123
88744
87418
4560
33944
71877
70682
8491
29106
23316
83443
15053
85618
49580
89903
27142
96768
1933
1923
60436
39390
16443
16224
7789
7068
26896
34691
2701
7243
29177
90294
33082
16865
1109
35014
29990
18743
46419
57085
7665
153


