An optimal solution is printed below.
An optimal solution (each vertex on its own line):
68932
58398
46249
66401
55867
60041
42294
97209
78326
76361
23100
33563
60461
76259
24191
83300
71775
70520
83527
52598
96074
94262
62304
55825
52333
1795
80230
83146
4658
58864
80316
84125
58712
62375
53457
76179
9101
35624
84774
9526
93462
88093
81150
86697
87794
69409
53104
70579
57051
87730
50238
67249
27887
46381
17740
84280
71856
55164
62405
67527
51921
39461
86627
75513
54446
76092
50760
61549
82297
65343
86034
81558
77995
31637
54711
93094
32134
59128
56791
43591
42414
74443
83419
24592
77861
58696
79910
26837
58815
80728
85444
85485
45424
50433
96611
28706
23643
22405
75188
3170
60841
47608
14490
71852
47320
70250
56849
76910
60726
31479
97120
28074
15048
87320
32213
17334
15698
89043
10803
59786
24673
24667
35117
74098
84734
90761
8333
29622
78576
24049
94140
18672
95614
907
29344
35308
23661
41555
33974
6384
67792
91783
72402
21068
58210
40778
43605
86594
29292
32634
94902
28694
84866
67008
86526
86762
93827
78773
29803
89848
43822
91137
54332
91545
52146
25636
26481
12912
50489
18341
50702
46930
88149
16247
68207
68039
6073
17263
80220
76612
30268
77232
58417
37843
27020
45322
66607
40603
52847
52818
71345
33152
26462
24901
74749
28468
68047
15164
13725
17262
75339
28107
52010
41034
22173
69161
60424
56240
56256
7416
21495
45514
97538
77454
82862
25580
48819
70902
67708
18413
80621
34950
11935
53937
526
57414
34683
67952
853
7633
52198
2227
14001
31605
76210
1412
18418
31916
42804
39729
7632
95544
65090
49126
38213
77668
51093
12705
65271
5417
67154
18651
19809
86100
47232
73513
6942
990
14311
49823
61527
73632
77772
52404
13457
343
80965
65880
46038
53071
17184
514
13569
67763
46026
51849
70674
92161
16744
63389
80900
5465
84271
29138
17778
17760
55011
18662
71476
83518
6223
1583
15858
4028
22470
29874
31631
21239
17814
72246
33684
5866
49081
17123
88744
87418
4560
33944
71877
70682
29106
23316
83443
49580
89903
27142
96768
25780
1923
60436
39390
16443
16224
7789
7068
26896
34691
7243
70796
90294
17105
1109
35014
29990
18743
46419
57085
13181
7665
153


