An optimal solution is printed below.
An optimal solution (each vertex on its own line):
161650
130270
174786
175303
203832
224392
118278
53670
128797
143322
187158
90991
199846
220611
170871
196156
93050
150990
151575
129834
134125
152525
70992
157837
90989
190147
132945
76870
131171
198557
93312
61041
202168
121965
151764
206046
28369
199526
174802
103557
150142
205826
44235
124844
101578
193109
74886
150364
68940
100578
106679
150209
205775
133326
173668
100002
103327
208569
213836
35966
147477
216099
216060
162915
101174
102056
118949
199708
214269
17753
130588
41279
102972
79289
184498
135994
211537
71367
70134
100759
79561
209547
161780
118940
127044
99873
17615
39619
69692
131819
90324
41062
160384
159922
79459
109234
68929
56156
151314
16567
149204
187130
196218
201589
169659
134126
113995
159921
163559
215126
203475
86563
192970
86959
197491
199564
129696
166064
101253
157070
156441
128334
143726
223604
140051
215198
218288
214147
171871
137617
135866
207269
157104
162040
222090
151669
149799
191645
115477
185575
117133
117041
23931
195424
134581
112676
68532
117682
156313
21110
145659
119405
139991
198594
103305
214304
102532
73256
98598
57968
170078
38175
191514
149264
78785
125832
10185
63112
216190
148083
157329
155642
102770
93685
191518
174537
35040
201096
132826
140423
63177
204989
117042
212988
216612
115202
111674
156764
198370
140393
87732
71776
132260
200403
159465
72762
202235
38213
161050
69036
103306
122156
143581
130322
224983
127132
30556
79418
88625
69857
174420
220051
108257
159445
127340
163100
101631
84869
117740
75269
197591
64942
137711
69498
186250
105707
70136
114426
203464
85249
93357
69268
200164
162789
197990
62545
39610
62789
122330
181641
186038
153252
192855
119120
214232
120993
88500
212546
4706
150489
127124
191638
98676
33982
127048
159356
132681
78545
130996
160123
157428
119640
119609
201235
56842
181512
163058
69861
101613
189114
91425
134655
57828
185554
88888
191122
111579
195018
166065
81766
184208
35562
187047
95115
54913
151288
80667
128259
94666
167133
41023
186133
128227
123322
174127
152824
65141
179861
145681
157222
37487
159637
34468
154301
189444
221699
104061
80337
111574
184753
105248
159775
29649
175039
162790
30827
103103
98696
140560
11819
107514
217187
130072
55328
51111
217947
28341
70135
36050
195853
81768
102912
181657
74336
127052
200252
223670
222221
150969
125265
144831
180036
32230
166970
142941
103955
129418
215150
215178
216924
222460
29797
201592
196747
206710
214085
41493
22644
214177
214182
162133
214264
110230
193434
136617
116547
179911
160441
150029
113009
47032
224378
117769
185624
33375
172371
133603
222906
47650
214219
44069
52564
59821
140867
153484
174752
170057
174365
86308
86232
132837
112470
184893
145371
83642
46613
77149
58280
187930
56999
150939
37977
80832
219647
103400
120008
23308
48771
210447
4404
9862
158305
5782
163055
214242
8521
137484
159088
62811
158691
87819
79308
174677
29805
102971
42056
215470
176590
41194
136596
223468
82418
174139
130580
130581
160387
203899
138456
63105
63777
151878
192242
55115
194851
130858
184062
155373
180158
170084
169713
179497
161352
64697
144833
104828
99577
90016
135432
40835
133328
104689
209546
69791
24046
217866
154300
179010
206253
96573
134129
206119
25789
140442
154710
41648
111659
122384
103368
213865
223869
122667
160413
200820
112227
75593
78476
123833
133605
205771
129953
8831
45744
207747
182977
11054
99437
17140
102574
160037
119595
137592
167904
201874
43200
115357
46165
74785
151468
106778
110420
148112
130790
103897
3338
198576
208719
57493
115483
213098
192241
4953
58790
160662
67502
33009
68388
190156
70965
159525
99569
131979
65076
88010
138402
218776
192076
52280
194790
49864
140380
79303
101525
30969
175113
63899
5853
4150
81764
223454
136597
124885
164274
169205
112794
88456
151751
101859
133654
208949
52824
72713
116956
98640
100935
223689
162791
149015
71210
93767
119394
134131
119383
10091
223300
115129
4302
65399
77429
212391
218687
50961
123525
75191
74998
184098
87747
177868
68657
11471
33972
166998
172697
79595
182195
16823
70485
108533
62366
130616
147471
165814
137701
76506
129814
111669
65512
192245
57109
57502
133571
169262
41624
157719
212545
135867
127900
27747
91164
103394
103217
202698
185425
136863
104556
32748
99530
86253
77811
200086
160664
16966
33131
148744
86254
168867
11672
135983
208336
92188
155428
67427
201959
114531
181934
120663
141677
43260
7232
222527
127344
4026
31261
146364
204685
195506
192891
100001
169927
172277
69822
206865
104085
17370
208559
178811
139951
68084
180926
119118
216087
185057
210365
64995
172494
4156
44106
207614
41610
162361
151492
39134
165389
104908
203060
179806
62959
108734
152754
170414
181186
78751
65329
129957
127867
103264
100077
5270
44059
57084
5599
14248
121123
149749
47021
140414
168987
183582
189912
56365
93676
184427
206841
192213
202169
117931
82066
193167
40859
70050
224344
185060
220422
146320
33329
224713
184600
95646
107154
126741
165382
27818
66544
153136
160433
61520
81639
204910
125936
172324
188959
11597
197988
152853
22232
111065
177772
78077
18620
217351
142205
79305
10979
66584
171098
5161
112430
153703
205236
33217
10698
111478
181046
204562
160221
63598
171686
147151
96342
80688
213621
68166
151169
159343
111165
147493
93576
224305
180087
69823
120642
43943
160443
39956
195802
146365
160106
100000
139950
178813
215825
215765
86455
128982
9994
146639
3664
165383
111787
103910
33634
128304
110715
34971
71608
201500
134071
93052
38730
92166
147674
129756
205173
123580
169152
180363
180276
218316
131146
219825
151905
98259
108286
102946
78750
65326
45533
10667
136847
9803
203473
206905
221656
37320
5817
52622
104686
200425
204992
160403
160356
67260
110562
41811
69369
218346
137781
202700
40847
98803
206357
79808
191522
114021
160602
50279
107186
221655
179376
194615
147569
203477
12953
175040
131636
120472
63192
98173
42243
42232
166436
162883
188328
86548
110109
25678
176730
11388
40827
105265
171099
122451
103511
164363
179968
111362
62816
162777
77033
44060
67395
97878
66441
189667
160797
92643
39307
191059
117818
34936
83470
74835
185370
41725
39182
150354
150998
32826
117289
86792
137366
172759
145410
149303
52549
11537
102961
157799
116164
139551
152024
25658
158448
39998
84878
90508
90373
179195
123282
143355
146835
194320
216921
162503
168442
63221
8514
53005
204326
175627
88626
209198
54091
158920
52303
103564
80367
111890
111917
147862
91009
37329
143360
7807
66719
175138
217365
133263
42203
74303
46719
145380
202884
33358
68820
191512
131068
215749
24042
156335
10974
153676
50515
202601
10017
185834
191772
223980
110284
68538
211895
41081
38683
222066
120556
132374
57492
90702
21001
150185
209450
10903
165516
123745
69856
74021
211689
16886
220442
177279
205174
58498
196416
133026
95090
52796
110818
174110
162934
111187
106802
67953
196979
50781
119393
7260
205293
12588
176164
74740
201900
55490
38784
26856
134143
175046
14104
52835
145499
146557
138161
109609
189038
20142
51576
201969
74314
65639
156947
87221
34386
166580
210214
89571
192972
102420
136491
65056
110105
19884
218043
192588
108251
64838
219832
137682
167626
223702
127870
98989
141735
108526
124225
28949
4240
188555
78522
5209
15898
144503
56950
64819
131866
51807
29794
101915
132190
71700
189750
111368
54473
11599
117822
183748
149494
172051
198569
156336
66598
192294
171056
10973
3791
107196
97162
28358
36288
146747
201553
120255
144466
32577
193385
5854
27782
38814
157103
148837
178800
59664
73531
26209
37600
178740
92408
118004
54020
63951
198119
176269
67369
140220
182563
118667
71769
66111
18617
87302
150754
122459
63784
13393
35897
66106
186035
189512
159086
172920
124465
206568
53270
86880
86511
145682
145658
185760
221649
142270
70418
160089
139862
134318
142607
78523
62368
140599
86777
156706
187358
215432
175420
136200
9801
189233
42877
179486
37736
152523
111067
197618
81666
36272
184110
104708
37706
78391
53228
209580
175790
12606
179873
127382
223740
156081
168856
68548
107471
165817
41485
54876
156359
27368
6058
48352
222829
115236
219254
186032
39462
174306
174367
156647
180183
50305
75424
114532
38671
68034
69701
4263
224801
110161
150248
127622
175054
140218
36116
114928
33323
71208
179054
11750
35102
40966
191465
127526
51761
213040
134463
52154
148983
71490
140470
189454
189248
224345
202331
73171
89953
6722
10972
16876
137476
121087
107856
212718
215393
184393
70492
34031
33987
168924
83555
141463
160535
110156
38557
155287
16766
169602
70837
54877
92394
123644
30586
110409
164325
203845
143782
78651
147167
56097
206144
125925
216384
162593
191865
98261
190041
184497
192772
139937
30568
20840
93394
207286
221830
37131
162778
166443
30194
15643
163030
5139
160406
89819
214939
214682
119403
153076
56038
51700
10595
63667
13926
51209
47373
61118
220519
158518
156795
8154
160427
125588
31174
197484
162722
129420
224558
116054
36388
74741
176576
108434
126192
88781
67240
130698
11200
34076
84935
36261
192606
161768
98645
25709
172695
63108
52548
50966
162833
45172
110107
88776
39131
102825
193954
208384
189222
190810
116327
146589
203178
10597
30973
44682
37626
127416
43944
6146
11349
223508
145623
133034
69553
183713
118937
101297
16415
14502
192495
215390
184682
61345
86132
27107
8323
160989
52279
114515
54911
7806
110098
169166
54907
195732
55531
150352
38106
43419
145349
109384
16529
118152
184754
83271
147140
49319
49325
55778
203819
22058
40660
40638
130872
109037
151317
40779
170049
221862
75669
129680
93041
143058
142985
179347
2847
69124
115490
120430
64650
117212
175467
197995
145937
145852
17437
141658
133824
53342
37704
137365
72211
24900
68363
73140
101278
2778
78752
41133
112791
43782
200785
218931
130510
133538
171185
26852
78583
14499
176161
25997
104677
111643
201103
40106
81626
124247
16004
64580
137590
23825
132257
143727
196339
196319
115162
5151
102606
71209
194195
138606
114143
150000
200798
11678
65768
40612
41899
91002
115161
10740
33000
41226
33873
176661
162842
22660
195178
41649
12589
146622
132836
149441
179205
219698
196398
69447
113555
192689
96065
142527
192291
194194
70611
47648
69527
195521
136842
123210
34432
41473
106734
39618
219914
140832
83224
152796
131691
4413
135974
43232
6898
107952
121021
196970
101423
67644
38214
121221
169010
142062
119927
29798
30991
123169
42719
42713
72749
16279
183376
81020
108252
37834
197983
14690
117207
11305
12916
37489
131405
131406
127841
84043
27909
105590
152585
221665
10368
31206
174366
149778
67179
24776
174201
28836
47731
2816
136895
114044
63187
211980
16547
26848
195414
15732
126039
73477
165463
201830
13594
11348
180090
33355
148725
55788
63222
125604
167637
189457
120202
47382
77393
220911
175051
86866
144060
28417
149467
41524
219707
161700
206459
41622
147850
208386
37208
205322
143901
122238
38372
29217
67335
3145
95071
129786
52997
73244
110123
89376
177867
65065
211774
140052
100403
31859
89915
51431
78570
123637
89310
99364
35315
128788
198558
143175
95984
36863
144995
10152
57107
33862
31243
129563
50275
135236
54758
90317
156563
30895
120899
69372
11740
38734
40834
47519
186142
184780
20933
5512
73223
15171
57839
57156
62904
76505
216057
177480
224306
39614
63268
58212
206204
160676
63892
100653
26732
185535
33684
5857
222121
181947
28623
73224
112769
41197
3466
4541
183201
183333
6330
6445
6341
52542
48552
81094
23956
97612
209297
55887
43813
47998
60220
145729
13088
49754
70717
10962
60046
57452
38447
9289
6301
83176
220900
223742
26868
194074
162377
6184
54022
40721
139549
126313
124686
145221
34561
131666
22677
197993
127444
208735
112797
23397
180098
212384
19312
18883
130823
49275
30104
42202
42180
40892
33975
166432
4239
190877
68214
123607
106037
45104
45115
15511
15852
176306
16422
174740
6165
128561
204072
188130
44480
36629
184204
37325
159602
199035
193183
37766
29303
117337
150492
147998
11887
156426
98143
55106
99361
167849
154798
175743
103447
103462
52822
70493
197452
32628
54701
38947
41160
161579
60501
54868
215061
130822
48566
13228
119398
3650
97644
171491
78475
206723
101634
34131
65435
115967
12704
47031
19098
60958
132790
31162
19483
197441
101287
153408
83739
190735
142331
36867
75872
218009
113802
16965
5306
32029
63266
31333
100246
98710
42649
6513
215561
61837
184116
16690
120142
102649
34008
125924
124671
43938
11900
26850
56951
56942
71477
140415
111040
167472
31250
114869
121781
85807
28661
143091
45547
46914
35444
183999
151176
8269
93048
27317
50205
126373
3655
12270
41903
9788
152529
7213
8630
32595
203912
116786
64000
17142
18435
172613
225304
96709
144996
186190
185491
97090
81922
224739
220113
89035
162577
223497
116061
64607
59502
84216
181232
4420
148345
91304
135828
7868
15487
19087
13310
129950
88745
53137
207390
8082
16698
119684
74608
119810
64475
34390
124633
180181
82728
17629
164543
149200
3751
64559
64406
172450
86304
155321
93254
45199
168467
168536
40569
11138
22984
72416
155891
36852
34099
62357
41422
72753
12514
137068
125833
41869
31167
23698
223515
215054
214936
211174
123301
42259
17175
107948
146620
112467
23951
60316
128766
60750
63989
28896
130896
59683
14038
60461
117821
135358
11910
56850
36696
47643
119121
151240
61526
23969
68412
65742
4427
64114
38707
153475
212261
163328
15468
15488
4667
202815
194850
55111
172610
137685
184855
132987
76879
67524
5743
67089
208563
141850
204473
10428
216035
153416
108328
58859
2814
156058
3541
144994
48108
30270
75474
21670
69994
72241
110799
184264
86658
8435
65282
146621
6566
164441
48188
30115
126612
120586
109387
141605
198574
58389
119523
151448
72745
218444
32205
124677
8322
9985
7879
30709
196354
207897
60460
160767
43504
218204
42276
63752
119740
144121
198371
137704
183902
30828
93783
11383
188325
153707
17352
39607
4901
10040
157362
20713
222557
74065
45772
45802
204470
140996
67258
110963
128593
24969
53607
47257
72927
41531
86962
38627
133354
14114
111279
212665
49913
8412
119926
103726
133022
199368
93063
40464
100784
173874
37617
37607
104077
70393
86537
68843
174937
124983
94688
195041
29796
38507
129397
123894
88505
7054
39749
110622
196204
196173
193352
84288
64652
78754
87543
101576
217591
160656
131659
59256
16736
6569
33977
141364
141319
28187
128122
116084
75016
72911
109604
132172
11169
11291
16887
52623
5177
33491
33494
193980
54881
224657
95267
62454
110863
100130
80738
36742
57188
171311
27140
94973
133586
7697
147869
55904
11896
5215
174309
125036
16249
37173
201951
5083
113472
217816
111361
11758
71104
4033
31203
119085
17504
12093
43034
198134
113804
118379
112079
193957
214574
147530
10985
10908
115689
134127
40292
99597
10573
137770
14501
14508
54239
54034
91595
38837
44245
10984
119610
46537
183640
52428
142026
52134
10762
50002
66711
27859
73671
28133
12215
2641
213469
17141
151309
200555
157559
150968
109810
4702
116884
47380
103225
113935
15917
29024
210660
52755
55215
82713
8635
41816
54026
11157
63519
192604
140395
183208
8674
49016
68347
112455
76765
115250
33847
112090
15352
13549
114529
145533
169256
75558
199370
12515
177626
78390
99639
127935
111476
25949
209581
66359
134703
87345
123926
122493
62646
165893
27327
5475
25790
178164
201603
28239
38242
3230
131693
78318
207661
147764
23885
31512
13521
63887
120175
51169
14956
163179
21500
21480
130366
164227
75402
105078
179163
157817
138093
191971
75399
15737
183017
25361
78580
101799
4133
4429
151807
20927
20922
10596
113016
3616
6137
6113
70622
6001
2620
4247
10547
24949
24934
112771
30151
7375
3907
219503
28101
126093
151806
32195
131686
9911
21735
28151
7823
9488
21579
104267


