An optimal solution is printed below.
An optimal solution (each vertex on its own line):
1681
1896
680
1093
2670
2620
1333
2590
2401
2066
2420
2384
2595
2455
2143
1012
1309
2155
2223
2315
2426
2583
499
1288
1552
2492
2040
2649
2369
2360
938
1383
2421
2635
2263
1492
1071
2282
2617
2634
2600
2304
2018
1316
1326
2305
699
2562
2422
2692
1565
2179
979
2372
808
2209
1798
1176
344
927
1787
1641
2669
136
1720
1415
1671
1453
758
1493
713
507
1266
877
1485
1637
1385
438
880
1489
940
2202
1976
40
1611
951
1668
2075
1694
1050
818
58
1341
737
488
816
987
191
2074
1095
788
1992
2558
1555
1089
754
1400
362
409
1588
730
953
1073
122
1526
1817
544
292
543
1027
1001
114
266
475
555
2297
610
2474
1022
98
929
9
1640
316
719
701
496
2526
809
401
2262
991
39
631
277
192
1597
878


