An optimal solution is printed below.
An optimal solution (each vertex on its own line):
17817
3580
18307
16930
13904
18228
1582
12527
3965
15021
15083
11965
7667
3481
14950
8278
2760
7665
11071
18396
11710
18686
6695
7452
5348
9562
16595
12458
11115
881
6078
4745
7663
14606
9042
13211
9097
2765
11070
10798
17828
5937
16412
11424
5492
11773
6022
17035
620
271
16625
1193
17827
3547
9542
7333
6882
6158
13324
1597
3771
11610
5123
14740
5058
5680
238
12303
16534
11069
11725
13723
6103
6962
15596
530
12459
15133
9593
8707
5878
11138
4595
815
11729
3653
5523
18589
10699
1171
9609
16908
10515
8653
15614
11920
6836
3111
1898
463
18461
16102
6241
9445
14099
11991
5534
17652
743
4386
9159
2524
8575
9434
12688
2321
4743
16154
9840
98


