An optimal solution is printed below.
An optimal solution (each vertex on its own line):
62835
57013
45586
20850
45131
33983
28124
46711
39480
42149
37027
21712
59257
58307
56121
39289
49898
9451
45130
30845
37893
31751
25923
61992
52319
43730
47872
36985
28130
20450
63892
61698
58261
36594
66024
64595
39811
69964
32220
45585
63802
43726
20756
47314
19567
39486
58320
43890
46237
64407
27378
66411
55466
17116
66870
67279
55080
46655
58079
2089
67513
38362
2963
28422
63839
37840
51527
31856
31846
66755
33863
25497
67529
68716
50767
20526
17140
27374
19299
17657
20592
47265
61907
15625
41078
60069
43895
25933
1478
13870
38227
16711
24553
70633
28119
30669
63848
51222
53708
41059
70635
67510
38540
58193
5887
28756
31135
64423
39663
69218
70056
58571
37480
41341
2870
37160
61655
36460
47763
29045
19182
41474
3842
19370
15838
35029
10729
47835
31730
16485
4326
67777
37892
11667
3111
29252
21308
47478
17666
32221
45163
20880
63886
8010
19868
36754
58731
26310
19692
30666
66932
2335
22120
68616
45820
56290
58452
44613
4868
35689
34148
34149
63896
21816
44476
47701
35790
1210
1074
25629
50863
45152
27914
62716
16713
30367
12812
8811
3371
66615
40848
61327
55431
10426
43666
58064
55468
45714
58166
14415
26973
44806
2346
13574
34996
70388
69444
52348
4921
15609
22930
8263
22598
49471
11029
3588
59150
69788
47654
2623
24096
30677
35232
19680
35325
45905
17651
36987
1597
28137
41653
62725
3104
29068
22699
19814
16487
29721
37663
24083
45576
64418
32292
69442
45693
59853
54674
32941
12109
45129
45162
18386
44959
37932
37952
61256
19217
66046
56042
15889
49202
65027
13082
6964
43204
31733
9704
23898
22413
22399
28215
55708
33680
54085
22702
45675
1209
57003
61409
20964
43440
23108
3101
2400
49308
35663
1750
2193
49216
65007
48973
3840
30796
61144
21407
25208
12171
42356
20451
70850
47652
1349
59805
16405
28420
11572
57759
48365
39307
3055
39805
40380
68530
26601
733
17656
28454
18994
39572
10030
5019
47379
69320
723
62170
39288
19097
56279
36181
34764
61908
40013
68258
19473
70977
23429
13806
2829
33321
6194
63381
2936
722
9665
1348
67914
68341
61407
15604
70389
1676
28131
3833
23782
23208
45759
25631
65782
6208
36144
1467
47881
60571
38668
25638
42999
43780
49663
19124
1702
13264
31740
34359
59979
17734
36825
45164
45118
45817
6418
48300
20431


