An optimal solution is printed below.
An optimal solution (each vertex on its own line):
27446
22976
32763
18415
6447
28360
31189
27300
34945
782
7693
25101
33680
6607
35493
13305
28726
15317
33767
28162
25873
23553
30011
23461
13863
4554
24496
29768
8036
17858
8531
30241
16707
2324
6409
10129
16575
32860
17176
28294
32745
23917
7733
18707
30168
23098
32232
29947
14103
30319
16552
21172
20580
34990
14624
4440
1463
20782
178
5256
1676
14639
29767
33983
10437
3181
30807
11459
6381
6369
33990
19257
29815
27730
21139
8491
31292
939
40797
2473
34699
32046
12678
11148
4861
4825
17423
4858
25453
29825
171
24167
11071
23118
32351
28238
33264
7382
24608
15976
18831
19652
7338
13980
9194
6130
24151
23889
11854
17652
14655
32331
24476
242
5845
13052
31919
4833
1923
7367
12067
27667
20841
10033
31522
27171
17582
25703
3382
30553
6331
13009
25109
25520
17678
3848
26692
7496
27134
20569
30423
6078
21888
35090
20559
8037
590
30119
21091
12330
21861
11272
423
31992
40581
31475
20498
21182
40761
29257
24217
1503
35463
4114
34273
32373
19196
10460
2577
27865
14530
14346
6889
24455
26228
8693
9232
29163
35036
25078
21503
24172
4272
29
284
10245
31544
6153
23105
1658
30775
12223
2631
7831
15275
8520
10660
18349
221
6396
27681
20822
32516
3515
18279
17070
3023
24662
25688
28469
11453
1771
602
3539
33215
2979
31002
32123
11424
17102
916
18724
7781
474
5386
12167
9475
18202
2249
11334
9912
16581
8410
13875
1235
10443
27711
27827
8578
30195
33551
10511
35080
11797
3496
21153
19929
34242
35383
10137
20627
33425
20840
28745
9738
18358
9467
3648
20266
1743
32304
5510
17689
14685
18769
26835
5958
32280
13195
26500
19517
20872
330
34712
6216
9638
34613
12020
13020
13509
28212
34640
20780
35271
22302
13055
8213
28477
21159
11162
12324
1089
16378
1054
17736
17506
7235
4339
4336
14943
22318
30194
31766
34666
29418
22784
5016
2438
4752
12379
5500
16859
19708
1991
17


