An optimal solution is printed below.
An optimal solution (each vertex on its own line):
25505
30151
13676
9782
11983
12601
19714
18200
18116
21115
20574
26173
13443
17697
14754
16191
22441
12108
18186
8512
24350
25535
9034
19503
27502
13139
1109
1043
21243
23650
16397
17518
21208
27492
30077
27838
18201
16807
20516
29874
28918
24547
26330
11499
27128
25485
688
24832
411
6652
19267
20661
9064
7100
15462
27627
22425
12256
28376
23470
30206
13257
23752
16933
9621
15139
2028
14469
28074
9576
25872
26901
6146
24048
12055
15824
25739
4481
19646
11156
12855
7717
3859
11541
9037
16187
24035
19325
27364
19820
21891
15290
25574
1518
1633
10843
15708
24127
20720
10281
29322
10994
19554
8328
14339
15417
9975
24255
16890
16883
14371
4980
2309
21604
11351
4119
8323
17330
7682
24744
4995
21634
3662
22941
20139
26794
8380
16927
4741
11996
27247
11412
14855
22196
12136
5587


