An optimal solution is printed below.
An optimal solution (each vertex on its own line):
59226
16157
67009
58161
65761
28521
53536
42417
62032
37612
58688
46980
24180
42847
40943
34582
56010
34680
56345
34630
11662
52557
44056
52508
39481
20068
65374
48020
33955
44921
46907
16748
34787
23444
24009
17880
43685
44656
19666
50595
32552
13383
779
60566
41922
29905
60882
21381
48869
64404
51592
32502
40376
36256
54512
10930
30980
48698
48708
59815
45305
16671
58140
15102
21036
37088
63382
52273
39318
24245
30018
61865
40980
24910
63322
29448
21453
28499
46997
35901
36455
33375
20224
29376
37060
52686
20164
41907
46051
64371
11760
56239
23411
33950
38994
49600
62874
32082
37044
34901
31305
48080
7700
48437
28806
64698
26390
23870
9156
35961
55682
21087
67669
54404
14835
47079
41030
51390
11778
32340
16145
11755
56137
33439
57684
19325
54513
44344
60195
58269
18910
41902
33259
46641
45203
42789
11525
20684
6895
29820
43711
35460
60951
65288
44004
30656
67467
61225
53469
32714
63426
8800
8798
31999
58842
29716
33794
42251
28906
56904
13025
46157
54148
38958
61662
15500
26100
29752
46656
43306
18010
52327
18260
66800
54041
6973
37296
28671
54943
65962
44440
47380
60424
10826
8801
15443
57059
32950
21702
20518
59474
27072
42897
11637
48595
14587
14571
55293
30399
57455
60579
10160
38384
16687
1944
28510
30661
37415
5686
29845
38939
25234
33550
56426
55476
16077
31501
14591
34526
26227
27651
62341
50792
4111
66029
7151
38799
19105
57317
29909
28099
15569
30609
13961
60685
18466
5202
19954
65092
18921
18851
32715
48468
45842
65066
19488
20666
22865
21319
29085
47381
39248
16550
22715
28384
48040
48111
48000
38943
18068
12806
41284
8075
25516
25514
45018
1350
35859
64514
42848
3425
40533
51681
16166
52224
67235
28581
41684
25028
29897
6894
51127
18435
51124
55878
17503
5807
65485
24841
30895
51461
25980
26032
41910
3184
9204
48477
64370
32893
35375
22263
36038
11213
59387
3876
48745
21449
33194
50144
55355
54952
885
18263
37027
38931
57082
46962
35083
67472
58197
16469
20024
20021
14484
8188
66609
28257
29372
41626
42765
52403
65591
8799
4805
19331
59218
35456
28959
46158
2498
54758
12217
33920
30868
9911
59838
1081
6719
29916
23316
35457
34924
59291
13491
3100
910
11318
23754
21851
40521
32163
59434
11178
55564
5090
2390
42896
46431
20591
34690
36784
9198
25873
56714
42866
29780
5221
16915
64922
52981
30358
20471
1930
19019
29331
9450
1377
45593
41004
16826
16861
61575
24998
21637
32957
46925
60900
66135
40858
25360
50952
16377
11004
6522
65430
29732
59096
66100
28105
38706
15639
61344
18823
11994
3584
31502
47126
36419
53732
17582
31002
52516
65153
44907
19790
31504
34675
25867
31181
56077
11354
8708
7034
39289
11971
65486
65852
66811
19162
31116
61600
61686
1444
51168
13956
18126
30344
12700
34840
29364
22107
19906
5508
67051
34907
55420
38358
42418
16663
16668
66341
16289
20504
39432
26436
66238
15987
39913
7113
18740
48313
18374
48679
43357
7626
13061
17842
13077
8556
48033
10117
3697
11993
32213
43992
24027
48550
36466
36785
60476
20939
45538
9505
3996
14616
1983
14032
40532
35797
1339
19498
46162
15417
22718
3635
65542
65064
14909
3428
29281
29279
15570
59897
3303
20202
53364
62823
41028
52454
21655
49333
20404
31444
1067
19768
23152
16334
1561
16693
19901
24894
29645
20294
45146
9700
29842
13075
23442
23916
45601
18732
49178
39464
35935
64574
15530
4773
34812
60820
44753
4169
61874
60196
30710
2354
6147
42285
8996
49565
43365
3253
61250
9971
30905
29822
14033
28515
24875
63385
34356
26211
30606
56898
16541
14714
642
20088
41337
15616
43925
19469
11636
14639
18713
60492
33189
33862
67607
38403
38543
24723
59698
36226
49387
61550
1873
18415
59667
44511
39488
7397
40730
21281
18694
28588
26090
11388
33728
25569
9197
18008
32762
16572
3268
67207
42278
7604
13245
41286
28378
41021
11324
11467
1114
34048
34168
3990
31285
16402
6431
9005
29082
16670
19825
56997
20957
66177
55411
58357
32123
13537
22726
20240
12003
5783
48115
20567
48109
67333
50355
4130
28622
31306
58586
11286
21358
36494
34798
38789
6869
32752
32902
48025
2161
18227
8892
25444
64126
16916
24110
16690
51746
65849
50345
12179
22822
45136
64328
11995
10126
58561
37387
33530
53658
55036
24130
24133
46054
22629
34716
21101
31849
14506
12077
41972
26533
41777
1645
10526
10520
56807
30679
50361
30964
39382
42008
19705
14935
28414
6214
60126
9867
12258
41978
19718
27353
17365
14911
16724
18217
14791
32020
11499
19843
20944
24911
3497
34667
2872
9854
3381
63506
29144
29138
55265
39444
1104
5253
9004
51637
60812
44842
4603
4745
55173
53670
6480
3556
1029
14819
14211
8575
32411
11353
23755
38495
55944
1665
66969
30832
35100
11250
24820
20426
20357
32355
20354
34733
30431
55580
40975
2199
2196
34699
4766
8491
21760
49437
48551
11363
2981
32992
25381
1693
3796
28031
3500
7238
33910
1102
15430
8740
19485
19491
28814
5766
25993
2967
20410
35160
58420
24731
45003
22823
35891
36778
60389
25042
55212
10960
11537
3924
61080
6370
66178
41142
4810
4813
24585
26998
953
23051
11638
19161
41622
25114
29922
16348
1446
26078
14257
53490
22413
9389
45715
27357
41316
21122
999
5835
3887
3713
21043
4680
1213
20817
1158
10989
8362
4080
4079
3298
12224
10069
41111
18343
1240
50596
22431
44514
37112
52752
922
34141
42955
898
895
34839
28072
22035
18078
37228
51192
1675
8400
8815
27412
47056
14041
11282
28818
30512
1729
18961
38546
45349
9339
49582
31679
50551
51543
15534
21522
53255
37125
14740
4241
4239
36779
20066
18820
9415
8327
43303
632
14907
59332
41524
32430
52949
52780
15905
17533
18909
41893
15675
24508
55900
26483
13146
67460
32691
3804
9209
3096
19305
8465
67572
52331
24057
27815
15965
1804
21599
50921
26859
2960
42835
2970
3997
2107
59649
40155
7152
7142
16686
17418
14709
22532
18928
9946
1817
23576
21225
35477
30518
15913
56039
1384
51770
5136
6194
29509
22149
3407
6757
16086
42578
5257
564


