An optimal solution is printed below.
An optimal solution (each vertex on its own line):
2892
2354
1551
2295
2941
3368
1321
3439
1958
3105
3474
1652
3418
1955
1888
3063
1552
2053
1550
3651
2533
3701
1880
2969
2434
2953
2001
3270
3540
1996
2187
3032
2246
2245
3633
3467
1899
3442
3183
3080
3157
3742
1562
1954
3348
563
1411
1784
1693
3680
3420
3281
2409
3084
1891
1416
1231
3719
3605
1911
1269
148
2715
1308
2775
3601
3335
2815
2582
2260
2213
2972
442
999
1210
2927
1756
1554
2873
2186
1264
987
3591
945
1854
1959
1426
2737
2341
609
2890
3761
2797
2174
533
1607
1870
1856
2304
487
2002
1589
2082
2090
759
2530
2041
1237
611
3596
1484
275
1569
1094
1537
1739
3019
405
1232
1126
1930
1977
3209
760
963
989
3430
1391
2299
637
3252
144
1323
1491
1055
2821
2754
2975
1818
633
3658
1382
3428
2136
3649
895
479
413
2368
1493
1203
2149
1368
1893
3513
2089
1769
179
2135
1651
556
2635
855
321
2289
777
1206
255
1532
3586
3114
975
683
1023
1376
2084
570
196
2336
393
1913
1285
2371
158
69
1398
60
2296
1148
1998
1330
1131
560
1271
2338
693
921
1450
1234


