An optimal solution is printed below.
An optimal solution (each vertex on its own line):
70399
42277
58693
32996
50213
45924
53573
51222
70689
39288
19093
25934
54580
70449
69445
52587
57003
55315
45576
57615
60571
45163
49202
56278
31751
51528
44707
65782
65534
64440
25924
69072
34616
57078
16713
66932
55080
27397
45587
67777
49898
67552
4860
4859
62830
63887
53820
15889
28130
28291
36985
45933
22120
19683
64694
41341
44990
50843
47872
70862
58794
63979
45714
42999
34786
15838
68598
58731
41711
20805
26598
55431
36754
19475
54933
69039
69883
30518
17148
45705
45693
59853
3354
16709
60651
8811
12812
34861
28975
63381
67513
31315
12171
1158
735
39490
53825
40550
22030
67158
39805
4884
44092
12117
50767
29045
34894
67007
49308
42152
28421
2936
15609
35689
38629
43440
26777
45815
1074
27518
16711
23141
28453
30796
31730
46362
32292
19603
38145
19567
66870
39572
10030
67024
42327
58728
42328
47811
13875
62708
48916
27925
23119
64663
61992
69201
39663
34031
36199
23782
62170
1255
733
28420
29509
3342
11514
62840
31112
3398
20844
34602
42353
15604
2335
32162
56294
25208
23898
65146
13812
4921
24078
2623
70388
34352
51521
39470
48875
723
53831
9001
68748
13082
44617
13002
44989
40632
39492
17581
13913
70829
1830
4868
4517
24627
30666
55293
13922
36825
70840
10934
3587
54534
24990
35663
21849
56524
1880
34904
13807
14415
26872
23429
39059
16697
13264
26609
17734
6418
2832
2193
31861
12487
70646
70633
37892
20756
50138
9662
49201
904
3101
53824
22133
38226
34088
44476
33680
64418
56281
7698
36923
66046
53814
42980
43772
63580
62955
35042
50853
37357
45118
53857
47871
40310
44582
63310
47980
49555
2941
11658
37156
58063
9443
1210
67914
33240
58219
53529
69735
15183
25496
4476
2909
44960
44959
19385
11166
11372
38331
32642
19369
19680
43201
14765
940
40334
29337
58798
55304
52863
5008
28427
16485
5269
39550
11572
43288
31754
46644
22750
2321
16914
40810


